10770
9022
9237
8259
8357
7863
8405
7956
7971
7325
7077
6815
7266
6636
6990
6552
6769
6782
7274
7039
6832
6175
6061
6165
6527
5757
6393
5880
5928
6124
6756
6353
6419
5836
5561
5476
5907
5556
5974
5770
5837
6105
6309
6216
6047
5841
5605
5945
6004
5631
6396
5626
5873
6445
6914
6930
6746
6571
6330
6266
6451
6205
6641
6542
6824
6955
7659
7710
7675
7353
7248
7388
7511
7010
7326
7534
7531
7669
8415
8058
8107
7591
6965
7376
7466
7109
7766
7494
7569
7636
8832
8574
8594
7774
7392
7496
7994
7324
7880
7607
8272
8197
8985
8693
8782
7859
7516
7893
8320
7975
8352
7959
8651
8400
9048
9117
9115
8454
7953
7858
8413
7359
8180
7817
8450
8098
9084
8797
8468
8134
7626
7601
8067
7318
7978
7696
7943
7877
8893
8664
8592
8195
7508
7619
7712
7058
7804
7712
7985
8132
9213
8806
9044
8184
7328
7653
8256
7585
7972
7871
7791
8481
9404
9088
8840
8096
7520
7980
7879
7476
7898
7833
7913
8289
8819
8768
8605
7956
7667
7624
7655
7153
7940
7516
8354
8089
8939
8875
8754
8176
7544
7411
8020
7284
8059
7446
8321
8607
9362
9229
9265
8582
7822
7799
8594
7862
7620
7965
8418
8665
9610
9082
9331
8550
7865
7784
8169
7334
7951
8082
8206
8595
9612
9150
9061
8090
7438
7954
8233
7424
8320
7856
8466
8907
9497
9257
9238
8665
8265
8081
7948
7375
8077
7400
8166
8702
9215
9437
9076
8456
7748
7650
6343
7415
7924
7456
8818
8181
9331
9384
8238
9002
8210
8000
6343
7415
7924
7456
8818
8181
9331
9384
8238
9002
8210
8000
