98097 159727 172604 185378 194036 2761783 4314671 3789462 2321697 511195
80456 98222 159334 171912 184748 2774656 4251493 3827729 2319793 523074
73081 81243 99048 159415 171907 2803248 4184788 3873064 2320485 533231
71221 73960 82223 99843 159623 2826111 4121283 3890225 2365435 540455
75795 72323 75057 83128 100618 2834390 4060712 3902793 2440724 528902
84778 76806 73424 75917 83969 2777651 4010604 3912079 2535419 501431
91243 85683 77679 74194 76548 2677766 3971530 3917115 2636973 474609
93606 91924 86441 78227 74672 2559699 3923383 3907493 2748701 451659
96978 94157 92567 86711 78649 2436120 3857689 3896366 2852257 456540
100901 97082 94162 92476 86622 2300993 3778858 3881400 2931186 486196
97771 100572 96713 93713 91992 2178666 3673619 3879146 3001410 515520
96204 97850 100561 96413 93535 2063036 3579231 3923720 3031553 534910
96497 96837 98019 100537 96325 1958743 3490678 3966523 3072173 547950
98836 97130 97257 98064 100648 1860378 3402848 4006680 3106756 564761
96776 99445 97603 97369 98171 1767801 3328607 4093802 3078938 586282
96312 97023 99642 97552 97202 1674265 3255642 4178136 3038645 609808
99840 96655 97033 99463 97382 1577100 3193676 4212646 3031417 632098
101408 100178 96653 96832 99357 1488939 3132281 4233220 3018667 661750
99646 102118 100454 96825 96854 1419771 3079810 4222932 3029649 689515
102360 100525 102770 100736 97028 1362790 3033563 4186315 3060452 718569
102360 100525 102770 100736 97028 1362790 3033563 4186315 3060452 718569
