99203 99141 99098 99061 99036 98496 95995 84461 35806 7000 
99261 99201 99159 99124 99099 98571 96036 84716 36511 7428 
99301 99243 99200 99168 99141 98562 95774 83773 35469 7091 
99348 99294 99254 99225 99199 98635 95934 84166 36371 7572 
99379 99326 99287 99259 99235 98678 96064 84511 36980 7812 
99410 99358 99323 99297 99276 98735 96203 84891 37830 8200 
99436 99385 99353 99328 99308 98781 96367 85356 38803 8676 
99461 99413 99383 99361 99343 98839 96571 85888 39966 9239 
99482 99436 99405 99384 99365 98870 96723 86372 41043 9903 
99500 99455 99426 99406 99388 98921 96861 86733 42155 10453 
99513 99469 99441 99418 99402 98950 96958 87010 43337 11148 
99549 99506 99481 99459 99445 99017 97113 87267 44467 11688 
99534 99493 99469 99448 99434 99018 97191 87470 45205 12049 
99544 99504 99484 99465 99452 99059 97306 87765 46179 12671 
99549 99510 99490 99472 99457 99092 97417 88074 47181 13391 
99567 99531 99512 99495 99481 99145 97571 88463 48524 14463 
99573 99537 99519 99502 99487 99166 97657 88741 49433 15015 
99587 99553 99534 99518 99505 99196 97732 89018 50305 15487
99594 99558 99539 99524 99510 99213 97770 89203 50965 15592
99614 99581 99560 99546 99533 99249 97818 89372 51614 15927
99613 99581 99562 99548 99535 99261 97854 89568 52456 16530
99613 99581 99562 99548 99535 99261 97854 89568 52456 16530
99613 99581 99562 99548 99535 99261 97854 89568 52456 16530
