75800 70491 76630 72614 76566 73072 81098 81563 80349 76756 70483 70253   
74004 66326 71220 68278 70444 68764 74019 72095 72030 65906 62980 63953   
69448 66329 69054 65138 67643 67418 72534 71124 70823 64630 61386 63587  
69610 63234 68782 64947 65542 67217 71983 70550 69915 64842 60173 61652   
64558 59902 65572 63867 65713 65321 67844 66971 65722 62103 59712 62318  
63792 59078 64265 58170 61697 65065 69423 68629 67345 65766 61000 60991   
63899 61974 65162 61628 64092 65785 71778 71270 71168 67869 64473 66915  
70346 64683 65929 67408 69023 69531 73624 70862 70455 66226 60189 63897   
66888 61275 65389 64320 64690 63453 71743 69642 70422 64599 60742 61871   
65738 60068 63952 61772 65267 65262 70402 68500 68495 62041 57771 61476   
65715 62509 64465 61215 65004 63467 67564 68256 66465 62978 58676 60685   
63906 55518 60892 58822 63234 61365 66373 65577 63156 61158 57174 57300   
60803 55742 60877 57906 58886 59035 65087 63597 63455 61223 55340 57299   
59079 53519 57373 56976 59256 59163 65966 62863 63654 59075 53870 55927  
59633 54918 56717 55671 56581 60129 65185 64141 62707 58374 54569 56997   
57338 53165 57071 55684 56866 58146 61471 61476 60670 56419 52765 54724   
55299 51340 55647 52150 58243 56481 61012 60526 60150 57517 52504 51855   
57278 51140 56265 51195 56342 57498 61771 62565 61888 59480 54377 55063   
58519 53370 52852 55048 57398 58313 63315 60924 61263 56857 51703 52952   
55155 50087 53692 53177 54535 56756 62292 59872 59612 54760 51319 53869