730545	714143	701396	700148	681154	668570	680864	678617
766817	734791	717790	704977	703221	683715	671612	683610
770555	768424	736544	719061	705614	703647	684424	672306
786599	772248	769706	736592	719495	705288	703655	684328
811379	788678	773219	770162	736673	718956	704961	703096
13280228  13202797  13098134	12968747  12827441  12612965  12370073	12089176
23022296  22670283  22207800	21699010  21240991  20798799  20421398	20047935
21977018  22362884  22768410	23202400  23848114  24384680  24777098	25053060
16517033  16620746  16768582	16897969  16750202  16689700  16733723	16787463
3211536  3330657  3414959  3520155  3644219  3767321  3888653	4021642


