99386 99332 99299 99270 99250 98963 97811 91914 58207 17912 
99424 99370 99341 99314 99294 99010 97873 92061 58845 18545 
99453 99399 99372 99348 99326 99015 97844 91799 57615 17891 
99486 99433 99406 99383 99363 99064 97938 92014 58501 18729 
99511 99460 99435 99413 99394 99096 98002 92165 59095 19244 
99533 99488 99461 99440 99422 99137 98068 92339 59829 19839 
99556 99514 99490 99472 99453 99181 98146 92523 60682 20623 
99574 99533 99507 99490 99473 99217 98233 92740 61543 21433 
99586 99547 99522 99506 99491 99238 98301 92927 62440 22359 
99600 99562 99538 99522 99509 99260 98352 93066 63295 23093 
99612 99576 99554 99538 99524 99280 98399 93170 64175 23954 
99610 99573 99552 99535 99521 99289 98443 93253 64914 24538 
99621 99583 99563 99546 99532 99308 98497 93356 65452 24798 
99620 99585 99565 99548 99535 99324 98545 93483 66178 25436 
99636 99602 99582 99568 99557 99351 98606 93634 66965 26221 
99643 99614 99594 99581 99570 99377 98665 93808 67886 27389 
99654 99625 99607 99594 99583 99400 98706 93937 68509 27973 
99666 99638 99621 99606 99595 99422 98742 94053 69011 28333 
99680 99652 99636 99621 99609 99436 98760 94130 69379 28352 
99691 99663 99647 99634 99622 99449 98779 94209 69644 28603
99685 99658 99644 99632 99621 99449 98784 94268 70098 29340
99685 99658 99644 99632 99621 99449 98784 94268 70098 29340
99685 99658 99644 99632 99621 99449 98784 94268 70098 29340







